"id","Scenario","Actual Range","Protocol","Buildings","Total nodes","Nodes on circ","Total coverage","Coverage on circ","Alert received mean time","Hops","Slots","Messages sent","Messages received"
595,1,700,100,1,1776,80,1776,80,31649.4,5.6875,20.475,336,1775
